# 0: time [s]; 1: Q [ml/s]; 2: P [dyne/cm^2]
0.0000e+00 7.500284930014714746e+00 9.391698361138928158e+04 
5.0000e-03 8.143056275344791928e+00 9.366558312195839244e+04 
1.0000e-02 8.458879989457312121e+00 9.337445751105266390e+04 
1.5000e-02 8.743506431900685882e+00 9.308375483817968052e+04 
2.0000e-02 1.077500026647124365e+01 9.303409993418722297e+04 
2.5000e-02 1.708119266875559106e+01 9.357689367388313985e+04 
3.0000e-02 2.953067960471524955e+01 9.496934487452375470e+04 
3.5000e-02 4.841669319394500093e+01 9.723718433514470235e+04 
4.0000e-02 7.370621875203833895e+01 1.003426645311578759e+05 
4.5000e-02 1.064757091553534281e+02 1.043915703246319899e+05 
5.0000e-02 1.478459973571784190e+02 1.094826861719285662e+05 
5.5000e-02 1.961204143824605524e+02 1.153326232031016843e+05 
6.0000e-02 2.460552080962098955e+02 1.212185827910257212e+05 
6.5000e-02 2.924038789056829160e+02 1.264799276025622530e+05 
7.0000e-02 3.328859612117307734e+02 1.308655033802257385e+05 
7.5000e-02 3.674032346819800523e+02 1.344328527556296322e+05 
8.0000e-02 3.960763906042716371e+02 1.372819130772879580e+05 
8.5000e-02 4.189442120204211619e+02 1.394940382538516133e+05 
9.0000e-02 4.367806444889991440e+02 1.412325102856387675e+05 
9.5000e-02 4.509281251272726081e+02 1.427634328287837561e+05 
1.0000e-01 4.620954925120998382e+02 1.443006744966487167e+05 
1.0500e-01 4.700107818126424490e+02 1.458689978642400238e+05 
1.1000e-01 4.743942544174316822e+02 1.473786446153119032e+05 
1.1500e-01 4.759287202033723929e+02 1.488154068663860380e+05 
1.2000e-01 4.759332885661307841e+02 1.502480007495809405e+05 
1.2500e-01 4.751450682429641006e+02 1.516950379765284015e+05 
1.3000e-01 4.733007487265629720e+02 1.530827607953610714e+05 
1.3500e-01 4.701297466885990275e+02 1.543601298439142411e+05 
1.4000e-01 4.662346514573635545e+02 1.555832316147237143e+05 
1.4500e-01 4.624646800183776350e+02 1.568320710738972120e+05 
1.5000e-01 4.588711813717526979e+02 1.580957875790352700e+05 
1.5500e-01 4.549918965005374503e+02 1.593127605124918045e+05 
1.6000e-01 4.506529322627672514e+02 1.604644649031204463e+05 
1.6500e-01 4.460925617665186564e+02 1.615780845266063698e+05 
1.7000e-01 4.412189495206213223e+02 1.626375645767848764e+05 
1.7500e-01 4.352293375479799238e+02 1.635483990471195721e+05 
1.8000e-01 4.274236219523853606e+02 1.642357980366935953e+05 
1.8500e-01 4.181803002073143034e+02 1.647469429156066035e+05 
1.9000e-01 4.086648677558691247e+02 1.652080339848813019e+05 
1.9500e-01 3.995720435125105041e+02 1.656895325744425063e+05 
2.0000e-01 3.906559039047085662e+02 1.661614382487329422e+05 
2.0500e-01 3.815758134836019622e+02 1.665876803289063391e+05 
2.1000e-01 3.726275264694139082e+02 1.669978602043156279e+05 
2.1500e-01 3.640208448456810402e+02 1.674032094414923922e+05 
2.2000e-01 3.547163394073127733e+02 1.676772925875008805e+05 
2.2500e-01 3.429226678039214562e+02 1.676223887060701090e+05 
2.3000e-01 3.280858731394211532e+02 1.671817839933714713e+05 
2.3500e-01 3.116527552562367873e+02 1.665182240915276052e+05 
2.4000e-01 2.955701817295424689e+02 1.658439647774088662e+05 
2.4500e-01 2.801402942399751055e+02 1.651903561546679703e+05 
2.5000e-01 2.642342796270742724e+02 1.644351251932841551e+05 
2.5500e-01 2.473586237492062594e+02 1.635225719168945798e+05 
2.6000e-01 2.307399220919658376e+02 1.625793944578136725e+05 
2.6500e-01 2.158252268215032359e+02 1.617487638274956844e+05 
2.7000e-01 2.023299170696970464e+02 1.609887416614804533e+05 
2.7500e-01 1.889634629802079075e+02 1.601592423194123839e+05 
2.8000e-01 1.756641840907457777e+02 1.592647927959001681e+05 
2.8500e-01 1.640013888654405037e+02 1.584924807834608364e+05 
2.9000e-01 1.543796111881637785e+02 1.578867210887762485e+05 
2.9500e-01 1.442960692237114131e+02 1.571532776587979170e+05 
3.0000e-01 1.307378114715079960e+02 1.559393088254241447e+05 
3.0500e-01 1.142543915080007508e+02 1.543115792913769837e+05 
3.1000e-01 9.868739164469103287e+01 1.527271099080434069e+05 
3.1500e-01 8.540718209316703735e+01 1.513537301440377778e+05 
3.2000e-01 6.949653800060366393e+01 1.495961396689036628e+05 
3.2500e-01 4.374697938865288194e+01 1.465591237023751601e+05 
3.3000e-01 7.852675973714065449e+00 1.421568829355113849e+05 
3.3500e-01 -2.907319105145117533e+01 1.374876835290437448e+05 
3.4000e-01 -5.335027359192213225e+01 1.343281947656851844e+05 
3.4500e-01 -5.570190579090363769e+01 1.339594748326776316e+05 
3.5000e-01 -3.943694650104447419e+01 1.359626786742916738e+05 
3.5500e-01 -1.903299391573129995e+01 1.384261183145854156e+05 
3.6000e-01 -6.396302778839790371e+00 1.398401219356853981e+05 
3.6500e-01 -1.534114426101087059e+00 1.402422538261509617e+05 
3.7000e-01 7.282943024991409553e-01 1.402942011251414951e+05 
3.7500e-01 3.347666555328570492e+00 1.403187756770492415e+05 
3.8000e-01 5.978262733065654366e+00 1.401549688129026908e+05 
3.8500e-01 8.219829201414473374e+00 1.396374643605574383e+05 
3.9000e-01 1.076189766291720318e+01 1.389638823774250923e+05 
3.9500e-01 1.406181088888975061e+01 1.384501826701414539e+05 
4.0000e-01 1.716634403103918416e+01 1.381255821286615392e+05 
4.0500e-01 1.890819408267129376e+01 1.377701506721391343e+05 
4.1000e-01 1.933497076828811956e+01 1.372993503328723018e+05 
4.1500e-01 1.954268466628921885e+01 1.368187335372856469e+05 
4.2000e-01 1.987766177179130622e+01 1.363785700471165474e+05 
4.2500e-01 1.925579886041455779e+01 1.358411907964351121e+05 
4.3000e-01 1.717049781722884916e+01 1.351258066963256279e+05 
4.3500e-01 1.474979829424231959e+01 1.343619600926620187e+05 
4.4000e-01 1.349401617000621911e+01 1.337507657659644028e+05 
4.4500e-01 1.335282404801209921e+01 1.332995344701311551e+05 
4.5000e-01 1.330557361889800916e+01 1.328755173498553922e+05 
4.5500e-01 1.272745620048460857e+01 1.323858114251879742e+05 
4.6000e-01 1.206288496347068673e+01 1.318843504855622596e+05 
4.6500e-01 1.198156898225644262e+01 1.314666208077940391e+05 
4.7000e-01 1.230447225170194692e+01 1.311102036422759993e+05 
4.7500e-01 1.232589763402301308e+01 1.307094571182035143e+05 
4.8000e-01 1.194701996401358102e+01 1.302371863193893805e+05 
4.8500e-01 1.180958995389204347e+01 1.297818161240121990e+05 
4.9000e-01 1.229514470489478661e+01 1.294071471677371010e+05 
4.9500e-01 1.294814384664710261e+01 1.290610360330523545e+05 
5.0000e-01 1.310607122192927498e+01 1.286513699945272529e+05 
5.0500e-01 1.288622238528903274e+01 1.281864027409844421e+05 
5.1000e-01 1.293095392272454980e+01 1.277535637881640869e+05 
5.1500e-01 1.341198688202233846e+01 1.273845706284772605e+05 
5.2000e-01 1.376721430304639959e+01 1.270063516618443682e+05 
5.2500e-01 1.355044013643174772e+01 1.265526028383744415e+05 
5.3000e-01 1.306314960341322085e+01 1.260582844156023784e+05 
5.3500e-01 1.292207034877990957e+01 1.256110490235934994e+05 
5.4000e-01 1.313841753701437831e+01 1.252197342449034040e+05 
5.4500e-01 1.316229686094635021e+01 1.248101913807162928e+05 
5.5000e-01 1.274477807349694913e+01 1.243409472889764875e+05 
5.5500e-01 1.228202628830070964e+01 1.238622073782522639e+05 
5.6000e-01 1.223359469316143944e+01 1.234422366728954657e+05 
5.6500e-01 1.243035182827464880e+01 1.230634570098516124e+05 
5.7000e-01 1.237481446811420938e+01 1.226555865907692787e+05 
5.7500e-01 1.202551751161849047e+01 1.222046116310383659e+05 
5.8000e-01 1.185889004101371569e+01 1.217739138019854872e+05 
5.8500e-01 1.213061761039698006e+01 1.214046175766068045e+05 
5.9000e-01 1.250034877890642626e+01 1.210552600852207688e+05 
5.9500e-01 1.252480198610657780e+01 1.206612330687252834e+05 
6.0000e-01 1.232210203843913732e+01 1.202318386306294269e+05 
6.0500e-01 1.236981502114357312e+01 1.198331856597983715e+05 
6.1000e-01 1.277188274288779013e+01 1.194864873181053263e+05 
6.1500e-01 1.310654909245588229e+01 1.191363645110735670e+05 
6.2000e-01 1.307024009589651392e+01 1.187359715439978027e+05 
6.2500e-01 1.292029629851645645e+01 1.183157846603115613e+05 
6.3000e-01 1.307610770494083496e+01 1.179368592769304523e+05 
6.3500e-01 1.347005294441000878e+01 1.175970465330096631e+05 
6.4000e-01 1.361035632228978720e+01 1.172288890939632547e+05 
6.4500e-01 1.331267531641612223e+01 1.168009536417278723e+05 
6.5000e-01 1.290765140769685360e+01 1.163550278857795638e+05 
6.5500e-01 1.277944184618111656e+01 1.159496463336322195e+05 
6.6000e-01 1.280651604814951128e+01 1.155721750149672444e+05 
6.6500e-01 1.261175504747550136e+01 1.151691489535237488e+05 
6.7000e-01 1.215192875303316278e+01 1.147274847392803349e+05 
6.7500e-01 1.178121203387800442e+01 1.142957278309147514e+05 
6.8000e-01 1.168282856397958547e+01 1.139058982739387575e+05 
6.8500e-01 1.159867128371125489e+01 1.135260196396781685e+05 
6.9000e-01 1.121954905166684746e+01 1.131091185287754633e+05 
6.9500e-01 1.064980978552251401e+01 1.126620602332282433e+05 
7.0000e-01 1.025302759051210622e+01 1.122358110168642597e+05 
7.0500e-01 1.010471321464071082e+01 1.118465704829681490e+05 
7.1000e-01 9.921648710632336332e+00 1.114574524061221746e+05 
7.1500e-01 9.533661521129655370e+00 1.110395293163813767e+05 
7.2000e-01 9.171346293064109645e+00 1.106203001769435650e+05 
7.2500e-01 9.136766085716278241e+00 1.102448887450650072e+05 
7.3000e-01 9.348268726485711611e+00 1.099075603442027204e+05 
7.3500e-01 9.464858328454218039e+00 1.095611719868684595e+05 
7.4000e-01 9.399327117695532863e+00 1.091873139925242576e+05 
7.4500e-01 9.422752029130027296e+00 1.088209674316425371e+05 
7.5000e-01 9.733595946968153001e+00 1.084939879586154129e+05 
7.5500e-01 1.014907722395535927e+01 1.081853237881737150e+05 
7.6000e-01 1.037917298697095170e+01 1.078523414951012528e+05 
7.6500e-01 1.045551717428118543e+01 1.074938936285542004e+05 
7.7000e-01 1.063806749562326814e+01 1.071465055601239292e+05 
7.7500e-01 1.096736121378561712e+01 1.068224351478448953e+05 
7.8000e-01 1.115814662526138079e+01 1.064851805451133405e+05 
7.8500e-01 1.102857629277980500e+01 1.061057077821190032e+05 
7.9000e-01 1.078719463225635700e+01 1.057079753935268236e+05 
7.9500e-01 1.076743908476908551e+01 1.053406144343250489e+05 
8.0000e-01 1.093737989037741798e+01 1.050049403078165924e+05 
8.0500e-01 1.097203984463348370e+01 1.046567078130714071e+05 
8.1000e-01 1.074859503184538312e+01 1.042744543283295934e+05 
8.1500e-01 1.049825036254062738e+01 1.038874052226286149e+05 
8.2000e-01 1.045724862097722330e+01 1.035328046708796755e+05 
8.2500e-01 1.048744100870637830e+01 1.031952474011726590e+05 
8.3000e-01 1.029619352545098110e+01 1.028311806185107271e+05 
8.3500e-01 9.864378791956186276e+00 1.024310433589909953e+05 
8.4000e-01 9.465120719925215198e+00 1.020319859940693714e+05 
8.4500e-01 9.220910335916624234e+00 1.016569974465384294e+05 
8.5000e-01 8.926381129694984651e+00 1.012809635445298045e+05 
8.5500e-01 8.377738419542055226e+00 1.008718595728268265e+05 
8.6000e-01 7.705883936639710718e+00 1.004419733018148836e+05 
8.6500e-01 7.203509955343780469e+00 1.000335764085625997e+05 
8.7000e-01 6.893895552641434499e+00 9.965591121203663351e+04 
8.7500e-01 6.544253364116601190e+00 9.927815765102329897e+04 
8.8000e-01 6.052383647175174630e+00 9.888073947662170394e+04 
8.8500e-01 5.626141860644744419e+00 9.848838646471055108e+04 
8.9000e-01 5.450088939920648023e+00 9.813023038681551407e+04 
8.9500e-01 5.386534701143407489e+00 9.779176943317185214e+04 
9.0000e-01 5.194241123576276209e+00 9.743802006995542615e+04 
9.0500e-01 4.910007079857078516e+00 9.706752053811949736e+04 
9.1000e-01 4.826167072152391491e+00 9.671935172017710283e+04 
9.1500e-01 5.023791327286277308e+00 9.640955901607483975e+04 
9.2000e-01 5.259894203210906838e+00 9.610813330270192819e+04 
9.2500e-01 5.322157600846246339e+00 9.578206873592003831e+04 
9.3000e-01 5.356136967029604179e+00 9.544727818046597531e+04 
9.3500e-01 5.615928024678593644e+00 9.514102149216696853e+04 
9.4000e-01 6.073693157121383912e+00 9.486546694554755231e+04 
9.4500e-01 6.509648740436914771e+00 9.459073864331291406e+04 
9.5000e-01 6.928204357308777261e+00 9.431192894874642661e+04 
9.5500e-01 7.515709431073516633e+00 9.405186813740167418e+04 
